01001110101000001001110001111011
11101011110000011111001110010110
11010010100011010001111111110100
00001000101100010110111110110000
01010110010010100001001101100110
00110001101010100101010100101100
11010110001000101000001101111000
01010000111111000100011000011010
10010100001011011111111010001111
11100110011001101101100101011111
11100011110000000001001100100100
10111011101011000111010100001101
10011110010101000100100111101101
10111111101001011101000110011101
01110010000000010010101010101111
11011101000101110110110001111100
00101001100010110111001101010100
11001001000110000111011010111111
10001101110000111101011100101111
00100000110010011010101100100011
10111101100011101001011100101001
00100101100011111110001010111011
00001000011010010101001011000000
00101101011110110111111010110100
10110000111101011111011101010000
10000000101111110110110101000101
01000101010010010011101010101000
10101100000010101110101001011110
00000111101010110001011000101010
10110111001001001011001111010000
01000001111101001001101101011101
00110111011010100100101111011011
01111000110000000001101110110000
10011010001010111011110111010011
01101010111011110011000110111010
11011111101010100000101101010011
00111110100110101110011100001101
00111011010000010011001001001000
01010010110101110111000111010101
11111010000111111100000100111110
00000001010001101100110000010010
10011000001111011001001110111110
10110011001001101010111000010000
10001101100110101101000110101000
10010100010000000011000111000011
00011011101111101001111000011110
10100101101111001101000011000000
01111000101000111000100110111110
10111011110010101010100001111011
01001010110111011011101011111011
10010000101001010010100010011001
10111110000101110111110001100001
10010100100000111011000111101010
11111010100110001001100001110110
10101111000001100101000110101110
00010111111011000010000111011100
10100000001101001101000101010011
00100000101000001110111010001001
11001110100010101111001010100111
10000010010010011110010000101111
00000010000010111100001011010011
11100111010101110110011101110010
01101101000011111011010101011001
00000010111010011101010011111111
00101110000010001000011111110000
01010000001111010100110011101010
10010110000010110111011001011100
01110010001100001011000010100110
01111110011011001010010101001100
00111110010111010011100011011110
11101011100101010101101010111110
00100111010000011100001000100100
10110011001010101101011110010010
00101001110110101111010000010010
00101111101100110110110111001101
11110010101000101011010010001000
00001010010111011000111111100111
11001010001111000011011110011101
11001100011010010101111011100001
11110111110101101010010101100101
00011011100011011000101000111011
10110000011011011111101001011011
11000100101010011011110110001110
11100011101101111011101010110101
00100101011000010011011000100011
10101000001010000101100001000100
01011101111100110111100000010110
00101101001001010001101101000100
00100111101101100100000111000000
01110010001001000000110011110111
01111011101010100111100001011011
11000100111011100011011011110100
01101000110100000010111001101011
11100100111000110000100110011001
00111010101000010101011001110000
01110000000001101110011101000011
01101110101101100000101110111111
11011110000000011010110011100011
00111100000101011000001001001011
10000011111110010011011001000101
00000111101010101110001110110011
10001001001100001001100010111010
01111100000011111101111101101001
10001000110001010001000110001010
01101100010100100010011110100110
01101010001111011111001010110000
11011011111001001011100110101000
11101011010010010101100010000010
01000010010011101001100111101101
00010000101000110101100100000111
11000000010011110011101010000010
00010110000010011110111010111100
10010111110010100100010101111110
01110111100000000100011000000001
11110000101101001011000000110010
01000101001110110101100110010101
01000000001101001111001111110100
11001100100111001100111001000111
01011001010011110011010010000000
11000110000101111001010111011000
11101100111110010011001101110000
01111110100101100111100100001101
01001011100011110100010010011100
11101100100110110110101101011010
00000101111010100101000011101000
00000000011001000100110000110101
01011000110000011110110111000111
00011101110101111011000100100001
01110101111100010000111110011110
01111000111101110101111110001010
11101010101001101110010011100110
11000100110001110110001100110000
10010110000111101010100111111010
00011011101011010000110111001001
11000001011100111101000100010101
01011011011011111001001000000100
00010101001010101001110000111011
10101011111111100011101101110111
00100101010100001100001011010011
10001110111100110010011111011000
10011001000110011111110101100110
01000001011101011010101101000100
10011010011011111000110100001011
01100111100111100111101111011010
01101111111111100010011110111111
11000101100000111010000001111111
00101010101000010000010011010111
01101010010111101101011110101000
10011000000001000000111111001000
00101101000101110110000001000111
00011110010000011111111000010100
10000010000001101010010010010100
10000010111000101001110110011101
01111100101111000110101001001101
11101110100100101000000100000010
11011010100010000111000001000110
10110111000011100111001111100000
10000101101001100110111111001101
00110011110000100110000100110110
11111110100000110100011000011101
01100010011101010000110010001000
00110100000000111110010010100101
11100010101101000010101001100100
00100100100010111010100100000001
11111001101111010010000101000100
11001110101000000101111100011000
00010110111110001111101011011000
00010000111001011111011010110100
11111110001111011011110000011101
10000100011001100111000011111010
00100001110100100100101110010101
01000101110000111101010110010000
00000010001010101110010110111100
01101110101101000111110111001110
01000001110100001100111111011011
11010100101001111010110101010001
01101000010010001001100000101111
11010100010000000110101001101000
10010111111010111111010110110111
01100000000010000110000001000000
00100100001101110000110011001000
00101010111101000000001010010010
11001110110100001011010011011111
00101000001011110010110111011111
00100101101101100010010111111111
01000110110111111001011001110010
10011001011100011101011000001101
11110000011111111110010101111110
11100111101111100100011001110011
01011000000001010001101001110111
01001110010110110111100101110111
00111010110100100010011111101000
10000101010000001111001111010011
11110011000100010111111010001110
11011111111000110110100101101100
11100000010110010111101011000010
10100011011011100011110010011010
00011110011110111000111101010111
00011001110110110101011101010101
10101000000001001111011100011101
10011101110111001001000000100011
10011010111111010110001110110001
11101101010010110111000100111101
01111011110101110100110111100011
01100111110011100101111011001010
10110111001111111001010001110100
10001110010001000101101000100001
11101110011111101011101111111111
10010100000001111100101101100010
11110111001100101101011111011011
01001110000101111001100001101111
01010000011111001100000110011011
00010011100000100100000100110111
10100000010111110101111110100111
00101110110111100001010100000011
00101100110111001011001001111100
00011100010001000100111001100110
01110000111011010101000101111000
00101101100100010110101100010011
00110010100101111010011111100100
10111001001010000000010010000000
01111111011100100001010001110011
00001011100110010001111001010001
00111101101100110110110100011011
11010011101010100110111111100100
10010100100011010011000001001001
11001110100110000101100110110000
11011101011011110101000010110000
11111111001001110000010101001100
10110110111010110100010101000010
00110111110000101010100010101001
01001100101011101100010101111000
00011101110101010101011010110011
10010000010100011010001000110010
01111111000111111101011111000000
11000100010000100010001010001101
01101111000110011000110110010111
10110001100000011101101010000010
00010100100110100000101111111101
10110111000101000010111010101111
10001111101000000110111011111110
00011111010100100010101000010000
00010111110010010110011111111000
11000011100001010010110001001111
01011100010001011011000010100010
11001111001010010010101101011110
11101110001001100111000110000100
10101110000110100011101010101111
11110101000101101101100011000011
11110011000011101011111000010101
11111011000011000111111101010001
01100110100110100101010100011110
01111001100110010011110010001100
11010111001101000100001111101010
10101100001011000001010111111100
01011101100011111001110100001011
10100111101111100101001101000011
00110001010010101101000101000111
11011111100011100100011011011101
10100011100110100100101010110111
01010010001110011110001011001110
11010101001000001110101100111011
10000000111001100111110010001001
01111010110100101010000001100101
01001110001011001000011111101011
01110110001101001011010111101001
11001110000011110111011110001010
10111010101000111110101100000101
00010110000001101011000111110101
01101010000011101001101110110101
00101011111110000010101111000100
01000111100100001101101110111011
01011000001001100100100010100011
11111011110100111011010010101011
10100000000110100011111101100001
01100001110011010000010011100001
00011011110001110011000111111000
01101000010001011000101000010001
10000111111111110011111010100100
11111011010110000000110111110011
01110001101101000100101101101110
11000110000100101101000110001110
10001111101100101001010011010010
00001110111001011010100001000011
00001000000010011001011111100000
10101111001111110010001110110111
10111010101001011100110110001000
11010111010101000111000000000111
00000000100100100010100111111011
01100110101101111001111000111100
01000000001110011110010000111000
11000011000010100101000100000101
10111100011111011001011111000100
10010101011110111010100011100010
10101111010110000101010110000111
11011000000010111100010110101101
01100100101101100010111000101001
01100001001010111100100111010101
11100001101100101011010101000000
11110111111010000010011011011110
00001110101001000100011110011101
00100101010011011110011001001011
10111101000100100011001001000101
11111110101101111101011011101010
11000110011100100010011100011011
00110101101011010011111011011111
10000100110100000111011011101110
01110001001010100001101100011010
10101011010001011000011001000100
10011001101000011010010001010011
01010110001100111101011111010011
11001100000101000101011000101010
11000010000010111011011000111011
10010001000001111111010111111100
10010100000011100011111001110101
01101100111101111011010010101000
00111100110011111110110011011100
00011101111111011010000011000001
00100000111001110011111001111101
01100101000001000111100011110001
00111000011011011000011010101010
11011110000100000101101000110101
00110010010001101101001011101011
01110110011110001110110110000111
00000000010000101101111111000111
10010010111010101110111101101111
10100001100001000111110101101111
10001110011010000111111000000100
00100011001010100010010010111100
00010011011111110000010101000101
01101110011001000100101001011000
10101111110101011011011101101101
11001001000010010110100100011000
10111101001011010101000111011110
01001010000011101100000111000100
01000001001000010000111011100010
11011010010100010001000000001101
10100001100100110110010100101010
11000000111010001111111011111011
10110000110010101111010000001001
10001011111101010101110010000001
01100010001100101011100111110111
01010100001111001010101101001110
10011001110001011001001011011100
11110010100101100010100101100101
00011101100001000100000100001011
11010001001000011111111000111101
00100101101011110111010010110101
00000100000110011111010101000000
10000101101100101001010011101001
11010110011100000110100010110000
10000100100001100101100010001100
01010111101001010111110100110011
00101011000101101010111010100001
00111101000011001000101100100010
00111010110011011111010001100101
00011011100001110111111011011101
10101001010001001010001001100100
00011000000100111111001110110011
11101000011111001010101011101100
10101010010010011011100111001101
01000001111010110101010110000100
10000101111010000011000000101001
00011001101010010110101010000010
01010010101111000100000000011101
01110100001101001010100010000110
11000000011001011001100011100010
10000110001001010110011110101000
11101111011001110001000001010101
11100101000110011101011111110010
10011010100111101100011111000111
01000010101111110110100011101101
01110110000101000111000111011011
11001111110000000001101001001100
11000011010100101111001010011100
11100110101011010010000100010010
11001101000000010100111111110101
10000111001010101011110101110000
11101111100010001011000111010111
00111011100111110110001101000110
01110101101111101110111011100000
00111001100101000001010011000100
11111010000111011110101101111110
01110100100111011010000100100011
10100101111010110111111010101110
00001000100110011100100101100110
01001000011010111001010001010101
00110111000011110011011011010011
11111110010010000100010010001100
00111110010101010101110100101011
11111111001010110101101101000100
01001100010110100110010011000011
11010000000010011101011101111011
00111001101110101111101111011000
11100111000010111100111100000110
01111011000111001111101011100110
11011101101111111101000101100101
01001010111100010101000001010111
11101100001110011001011111100100
10111011000111011001110000101111
01110010010010101001001110010010
11010000100110001100101100000111
01001100011100101100011001101111
00011001001011010110011111111101
00111011100000110100110001001100
01100101000010111010010010100100
11101001100011101011111011000001
00000010001000100110011111111010
01110000100010101111011011010010
01111111001100011111000011010110
01001101000000010111100111010001
10001110001101001100111001000011
01011110101110101011101001111001
10001011000001011110010110111010
11110000101011001100000101111000
01011010111001100010110001010010
00000001000101101111100101111001
01010011010000101001010001010010
11010001110100000010101010000101
11110001000011100000000010101001
00100010011101010000010111011100
11001001111000010011111101101000
01001111010100011010100011011011
00000110100110001101001100000000
00001101010010000011010011001010
01111011101001001100110011100111
11110011110101010110010111100111
00010110101111011111011011001100
01000000011000010100011001111000
10010100001101110100100010010110
10100110001001000001001100001000
10110000111011000111110000001010
11100001000101010100111000110100
00010110011100110010001000011101
00101110100101101011001010011100
00101101001110101010001000001111
10000111100001011101010010110110
01010000010100110000010101000110
00000000111111101100010000000000
00110001100001101001110001111000
10001111101110010010011110010001
10111101100000100110110101110011
00011010100001100011111000011100
00010101000010111101001100111001
00011000001011100011000110001010
11111100111111100000100101101111
01000111111111111110001010111101
00000110011100111100110111010111
00100011101000011111100010111100
11010000011100110100101111111011
10010001011001100000101001111101
10111000001011000101000010111110
11101101110101001100001001110010
10010001101010101011001111011110
11010101111011011010001000000110
10100000110010011010001101110010
11011010001001000111011000111010
01110011010111110011011100110111
10100100000001000101101110001001
01110111011100110111110000100010
10010000110011100001011000101110
01111100011110000010101000001101
10000111000010010110110110000111
11100111101101011100011011100100
00000111000111101100111111110101
01101111001100000110011010100010
10000111100110100100101000100011
01000011110011101011010010011011
01001111101110001100101100110010
11000001110000100010110101111100
10110000001111111000010111011100
00010100110100011111001110100111
11000001101010110110110001111111
11100111111111011000110010111101
10101001011010000000001011100011
11011010111011111000101010000001
01011100000001100000010011001101
11101000110110001000110100111001
10101000111100010100101010011110
11111111010110001000011001000100
00011001001111111010111111110010
11011101001010100011100010111010
11101111000000110100111110011000
10100101001100110000011001000111
01001101000111000010100011100000
01010010000010011101011000000001
10000110110011100011110001001011
00101001101100011000110001111110
00001100000010110101111001001001
11011000000111100001101000110110
00000001101110001110011100101110
00110000011000011001100000110000
10111010011011111100100101111101
10011101101010010101011100000101
11011000110010111101011110010111
10110010001100010111110001001001
00101010010010000100010011000101
01110011101111000000011100111100
00001001001100010110100000110011
00101010110001110100110101111111
01001110010010010111001001100001
10101000000000101100101001101101
11011111000101001110100011000110
00010011001101100100000111100111
10101010111011001000010110110100
10000011111011110110111010111001
10001011011100101110101001011000
11010110110011010101111101000010
01001011110011100110010110101101
10111111001101101101110011100101
11010110101110001000011100100010
11010000101101010011000110000100
11110001011100101111001011100110
11100111000111110001111110001111
00110011000110001110110111001101
11101100011001001000101001010111
00100110100110101100101100110111
11001001010100110001101111110000
10101001111110100000011000010101
00010101010000000110011111100110
00111000010101111110100101010100
10111111101001100100111011011101
01111001010001010011111110000111
01110001100101100110111101100011
01101000111011011001000100111011
01011111101111110100100110101111
11000110110000010111100100101100
01111111111010000010110010100110
11101010000110010010111010000110
11011100101010101011110001011001
11101110011001000111001010100000
00010100000100010100110010010111
10011011100110110100001111100101
10111111000011111100010100010000
11111101110110011001000111010011
00010000101101011110001100000110
00100011101111000101110001101101
00011000110100111001010101101010
10101110001001000001111001010111
01010111111110111010000001010011
10100011100101001100111011111101
10101000101011110100101110111101
01010111111011000000101001000001
10011011110101110011001101110001
00110000011111010011111110011011
01010011011111111011000000100000
01111010010000001110101001101100
11111011011001101011101100011000
11011101100101101110001100101111
00000100100000100010011110111000
01101000010001000001000001001001
11110010000011010100010101010101
11010011011010101011001110101110
00100000110010001111100111101000
10011001011011101101000000101000
01100111111100110111101000010110
11100101011111100111101101000101
11000111011011101000100011100000
00001001110011111001101001111111
00011000100011001111111110011110
11111010011000001011011000010001
00100101100011110110001001110101
00111110000011001000011000000110
00111100100110011001101010111011
01001101111101101001111100001000
11110000100111111101110111100011
11010110101100010101101011111111
00110110110101001100010101000001
11100010101101110011001000010010
00010011100101010011100100110001
10000100100001101100111001001000
01010101110000010000000100011111
00110010111110011001110010101000
01000011000011001110101110000100
00111001100000111000000100101100
00010011010001001011110011101111
10101100000100001001010111011010
01011000100011110001000110110101
11100111100011101010100111010010
01110000110110001101010101111100
11010100011110101110011101000000
00000100010000010111110111010011
01100110000000010010001111000111
01111101101100101000111010001000
10101011000011111100101101100100
01111011001001010100101010110011
01101001100100011011000000011111
11110010111000101111011010000100
00101000000010111011011110100101
11110111000110011001001100110111
00001100001111100110100100100100
01111000001011110001100100111001
01001110011111000011101001111011
10101001101111111110011010011010
11100111111000100101110110000001
10101100100000011100010001111010
01011101001010100011001101001001
00111001011111101011101001010011
10111001000100111011111101001000
00011101000001110110011000111110
10110101101011101100111000010010
01011100111011110000011111101100
11101001001111010110011001101110
10000111010001111100111100100011
11100111011110010010101000111001
11100100000101010010110111011101
10011011001011011011101111101011
01101111111010000100101010010011
10001011010100011100011101001110
11101111111010011000010000101001
01111110001010010011111001111010
00100110011011100110110001001110
01000110101110011110111011001001
01101000010001101001011001010110
00010101001101111000001011111000
00010001010011011001011010010010
11011100011110101100111111001111
10001111011000101111010011001011
11000100110110101100111111111010
11101000110011010001000010100101
10111011000101110111110011101100
00010110100010011001101001100011
01001011111100110110100111100110
10101110011011010101110111100110
00000011011100111100101000001111
01010100011010000001001001100110
01100110010100101101000100001001
11100111000010101101100110001000
01100000000010101100001110001111
10101001101001100100101001000111
11111110001110110100111100110111
00011011111110001101001000010110
00010000101101010111100110001111
01100101100101011001011110100101
11001110110000010100111100101011
00101110010000011001110110100011
01110110101110011000110010001101
00110000110101010100001000000011
00110011000111101000011001100001
01010011001100100000111110001000
00001000010011111100111011101100
11001000100000101010110111000111
01110010110111010101110010111110
11001101110100110000101101011000
11110110101110110100110001100111
01110110111101011010001101100000
11110011111010011001101001110111
11111110001001100010000010110000
10100001001100100110000000111101
10111110000010101101011110101100
01001100010100001101011110010111
01101111011001001100001110011111
10001111100111001001011111101101
10110111011010011100000010010111
10011101100011010010011000101000
01100010110000001000000000000000
10001011100111100111011001011001
11001010111111101100010111100110
11101100010100010001100001111111
11101011011111001100001001010000
01110100011101111110111000100000
11111111011110010110110111010011
10110110110001101010111001001010
01000011101011011100101101010100
01011111110001111001011010101011
11101111011000110100011101110110
00000010101011010100110100010101
11011001111100100101100000101100
00010001101011011101110100011111
10011000000111100101010100001011
00100101111110000110101100111100
11010100101010110111011001011000
10000110110000000000010111101001
11010001001101010010001011111110
11111001111101000011110010101011
11101111101000110011111110100111
00100010001001111101101010001111
10110000101010010110101010110000
11110010011011111100111110100101
00001010110001101010111110001011
10101001110001001001011011011010
11111101101110111101101011000000
11010000010110001111011010010001
10101100000000011111100110000100
10000110111110010010110000000001
11010101100011110011011100111111
00011010000101010111000100001001
00100000011010111010010011111111
10101100011010011101110011011110
01000011010000111011101000010010
00111001000011000100000100110001
10111000010111100010010101011000
00010001011101100000011111000010
11110010000100111110000110110111
10000111001001000011011010010100
11100010000111011001001010000110
11000001010001110011000010001000
00111010111011010010101100110111
00000010011101110011001000000010
10010110110100110110111101011000
11001001110111000100011111000100
10011101100111010010000110001011
01111110101110010010000111111000
00001011011100000001100101111100
10100100000000100000010001010001
00100010010011000110111011100100
11100101111000000000110101110011
10110010101110111111001100101100
00011111000011101100100110001101
11101100011100101000100111101000
01000001000000110010111100011111
01101111001001111110000010010110
11110110101000111111000000110110
00100010100011000000011010101010
00010110011001000001001000011111
01101100000101001000111111011111
01010011101110101110100010111000
00001100011000110000001101110000
00110011100100111001100100111001
10111101111010011111001010101010
00011000001001100111000010001111
01100101111000101101001101101110
10000010011011011001000010101101
11100110000011110011101100110111
10000000010111001010001111110111
11000000101011101111001100001101
10110101100011000000101010101010
01111110100000011101011000101100
00101001101111000010101110111010
01110001001110101101110101001110
00011010101001001010010111010000
00111001011010000110001111100111
11110000011111011101111111001010
10100110110011010100110101000001
01001100000001100000010100101001
00101011101001100101111110010101
01001010000010111000101101010000
01010000000100100010111101100100
10000001010100011100001110000001
01101100001110111001000000110001
00010001101101110110101010101100
10100101000010001110000010101011
01000110100011010111110001001011
01001001000010100000101110011101
00010111001111000110010010111110
10011000001010000011101010011110
10011111000110100100101000101000
01110001100111100000011011011011
01001011100000110111001110101101
11110010100110001100110101010011
01001110010001111001010110011010
10101000011110100100010101001011
00101111010011110000110100010100
01000110111101001010100100110100
00001011110111110001001101100110
01001010100101100011011101010000
01110100100010110011101001010100
00110101010100101000010100000000
01111000100000100010100001110100
01000001011110011110111010000101
11010101010001111010100000110101
10110010001110111111110101000001
00001111000100000001011001001010
01001101001000111000100000011110
00110010011101011011101101001011
00011111100100010001011010110110
01100100000101000001111010010011
00000100110010100011101100011010
01011010001010001001110000000011
11011110100100000110101100111110
00110100001100110000110001101010
11001110100000110111001000001101
00101111100101010110011110010111
10001010011100110010101011010001
00110110010001110011010100011010
00101100101111100111001011111100
10010100111110100111111001110111
11110101111010010000111101010001
00011111010000010000110001001011
01011111010000110100000010111000
00000001110111010010011110011001
01110010110010110011101011101101
01101011001010100000000101011100
01010011111000101100111110010101
11111110101111010011110000001111
10111110010000111100010100010100
10100101111011000111011101010111
10010000111011011010101011010000
01001101101111110001101011000100
11111101101011101011110101011001
00011011001011101111010010000100
11011001001110101000010110000010
01100100111111111100010101100110
11011011110110100010001100000001
11000000011110111010100101110001
00111000111111100001110000111100
11111001011111000110111000000010
00010011011100101100111100010011
01011000111000101011111000101010
11101110001011000000101010110111
00001110101011000111111100111011
00001010011100000000011010010100
11110111001001000010111110101100
00110110000000111101111001000011
11000001001011111011011111111100
11101101011101010000001100111011
10101101100010001010100110001101
00000101000110111100000111010100
00000100011010111011001000110001
11111100000101010001011000100110
01101011010011011101100101011010
00001011000111011000010011110001
01011011001000110000101111111000
00101001111011110001011011111000
01011111011010100110101100110000
01011000111101101011010011100000
11110100000110110101011100000110
11010011010110001100011001111011
01111010001100100010010011100100
11010100100010100001010011000110
10010011110111010010001100110001
11110000110110100110011100101011
10000100111001011010011111001110
00001110000100100010011011100111
01110011001110011110100001001101
01010010011110100011111010011110
11100011110110001000001000101000
00110000001101111101000011001110
00000110110101001110101111110110
01111000110001110111101101010111
10110111111010011111101010110011
11110001101001001001000111011110
11010011001010101000101010101101
10000001101110000101110110000101
10001011111110000100101010110001
00011100001100111110101101001111
00111001110101010100101011100011
00011011101011100100011001011101
01101010000010010110000011001011
10111100011100101001010001010101
10010101101111101001111000111101
11011110011101110110111111010111
01100001110110001011000100000111
01101011100110100011001010100010
10110011101010100000101100101101
11111101001111010010011011010011
11100100100100100100100011000000
00111111100011010111000001101100
01000011001011001001011111010101
10111011001110110101110011001110
01011001110011100101000101110100
00011011001100000110010110101100
11101011011111100001111100110101
11111111011111000011010011010010
01100101110101011000001011100011
01001011111010100010101000001001
01001101001010101111001001110001
01001001101101001100100011101100
00101010111110110100111110100111
10101100001001100010000111100110
10101010101101011010101010010100
01100100010000001010110000111101
10011011010011110010111011110100
01011101000111000110010111111011
10110101100100011101011100100000
10110011010010010111110101011000
00010111111000000101111011001011
10001111111101100101101001110111
10011000011110101111100011011100
01111010111001001011110111001101
11000001111000101001000011100111
10100011101100010110101111001111
10011011111011010101011100101101
01100001100110101011001110110001
01000011000000100011101001100110
00101011000010110011011100100000
01100111111001001111010010011011
01000111011010011101011101110100
00001001001100111010000011010101
00101011011001001001110001110010
11011101100111011100110001010110
01100111100101000011010100110110
11101010000100001100000111110100
01101001100011011011111111110011
00111111011111011111100000101011
11001100000011100010011001111000
10010001011110101001000110011011
10000000010111010000101111100011
10101000000011010110001000101001
10010000111010110101110011100110
11001010010111111000011100000101
10001110110000010011011010010100
11100111000100111101011101011111
01110001111010011100000101010010
10111110110101010001101111101110
01010110011111000110111011001011
00101100110011010001111001101101
00110011010011011000010001101011
00100001011110010111111001100011
10101101000110000111010010111000
10101011011100111111101111100100
01111111011010101011001100000111
00110000000011110001010110010001
00000011101001001110000011100111
11111100100110100011001111010000
01011010101111101011010100011101
11001001010110111000111000010001
11010010110101101001111100111000
10101011110010001111010000000111
00111001101110001011110001101000
11111111111110011111111100101100
01110110010001110101111010101010
00000110111110101010110010101010
11111011101111110001000110100001
01001110001000000111000111000110
10100100110110101100100110100010
01111111010010010011100101110011
11010100100001010000100100110010
11111110111000100110001111000010
00100011111111000111010011011100
00101100010010111100000010010011
10000000000010111010000111011010
11101010010100010100111011010101
01011001111000100011110100000110
00110011010010000000111110000010
10001000110011001010000010110100
00010100000001111000000011110010
00010100010111111100000101001110
11101010010111111111001011110100
00011011110000100001010011001011
00000001101010101110110010000011
11101001011000110000100101001100
01101101111100110011001101010100
00001111111110111001101011000101
11101110100001000010111100010101
10110000101101011001111011101000
01101010001001010100111100110110
01110101011000100010101000010111
11100101011010111111000110010011
10101000110000010101110010101100
10000101001011001011111000100010
00111010001110011001101001011001
00110111111010000111010001110010
01111000000100110000101100100011
10001011010110010101001101000110
01100111000110111000110101111100
01000100100100111011010110011111
01011101000010100101110110001001
10101010000100011011000110111000
10011001011001111110001110111010
00000011011101111010000010101111
10101011101010100010010011010000
10111011100011111111000111100001
00110010000111101110111100110110
10100100000001110100011011011111
10010100100100001011010010011001
11011011111111011111000011101110
10011000100100110001011001111011
10011110010110001001010110101101
00000000101001101010110010100111
11001000111000111010001000101101
11000011010101010100110011100100
11110100001011010011111101001010
01111110001000001111011111110110
10100100101000111111101110001100
00000110011100110100110001000001
00010010110110011000100110101010
01000101101101100010101110001011
01101010110110101000100010010101
00000010000110100111011110111101
10000010100110001010001010100011
01000001100100010100100001000100
11111001101111010000011000001000
11000110110110011111100001101100
10010101100000000100000110010010
00000101110000100100000110000000
11001111001011110000111101000010
00100110000101100110100010001000
01101110000000000001111010101110
11011101101101001100100110000101
01000110000111001110011001100101
11100110101001111000100000010110
00011010011000101011011101110111
11100101011110011111101101011111
01100000100111000111100010110110
11001010011001101101110101010001
01011110011010011100011101101111
10000001100100011110100101010001
00010001101101001011011000110110
00100101001001110000011100010101
00110100000111110110110011101001
00111100010011111111010101011110
10011111100111010000100000110111
10011000011101111011110000001101
11110011101001100111001110111110
01011000111110011010010001000011
10110011100111101101001100000100
10000010101010111001010100011010
11111000111101111010110001001101
