01100111111100100010001100110010
00110000010110001110110100001011
01101011100110101011111010100100
01101111110011001001111110100110
01101110110010001101110110011010
00101011111011111101101111100111
00110001011011011100010001010110
10110010010101111101110101110110
00010001100101010010010011011110
00001010100001000110011101101011
01000110101110111111110101000011
01001010000010101000111111010101
11110100100100100100111011100101
11110100000100000001110101100011
11010001011010001010100110101111
11101011111101100001010010010110
01011001110011100111111110110101
11110000010101110100010110100000
10111101011001001010111000001110
10110111101111100101010110111010
01001100001001101000010001100001
00001100000001110111110001111110
11101110000111010010101101110111
11100111000111100000100011010010
01000100101001101100100101111111
10010110110100100101101111000010
01001110001110101010101010001111
10101100011010010010110101001000
11111100110001011111101010000000
11011111000011101110000100001111
01111010001101010101110001111101
10111011100111001001001011000000
00100011100001000110001101100111
00011101110001111100001100111001
00100110110111011000101011011101
01110010111001001001000111111001
11110110010011101001111101010101
11000001110110111110111110101110
01101000100010111100011011101111
00010010100101000111110000100001
10101010000011110000001010101011
10101011001010101000100110110110
00011001000100110011100010001000
01001000111101000000001010010001
10010111000101110100000010011001
01010111111000101100110000000101
00011000001100001110010001000110
10000000101010111010110110111000
01010101110111010000110111010011
10000011101011000011000100111100
00101001000011101011100010010101
11001001000000101100110100101110
01100110011101100111010011010010
11011011100101011101111000111110
01011101101010011101011001101110
11101110111010100010010010100100
00011010110000001101101100010011
11100110001111001100011010000101
10010110001111100001010000111101
01101011111111101011000011000101
11101000101000100011001000111100
10001001000100100100111110111010
01110010000000001011100100101111
00101111100110100100110001111011
10000110100011111011010010000011
00101001000001101011001010111110
10001111100001100101001101100101
11100010100110111011011111010000
10001100101100000101100110010001
00101101001111011011001001111101
00101111000001000000010110111100
10001101011100000100010111010111
01010101000000011010111111011011
10010110010100011101100111111111
11010110100000100111110111101100
11001001001100011011111101011100
00100111101101010100100100100101
00001101000001001111011001100111
01010101100011111011111100010001
11001101010110100010100001011001
10000010010001111100000011010000
01000100101110101010010111011011
00111001000010011010010010010001
01001010110000101001001111010010
00011011001111001001001001011011
00001001000101001101001111000101
00101000110011110010110000000100
00111101000100111110101010111010
11111000110101001001010000110001
11111101010111100100010110001010
11111111011101100101111000010001
01010110001000111110011001001000
01111001010110000000100111010010
11000100011011100110110011000010
00111111111010011000010001000010
10101010010111010100110110111010
00101010011110010110011000000101
10011000101100111010110001111100
10011000110111100000111101111100
11110010100000000011010101110000
11110101000010010000101011101001
00111001110101110000000010011101
10110010101100000010101100011000
00011000011111001110010000010010
11111000110101101111100111111000
10101011010001010111101100000101
01011111000000000011100010101100
01110010001011001000001100110110
01101100011100101001101101000100
10111001000001100010100111011111
10011111010101001000110011101010
10011000000110011010000101010100
11011101110000110100110101100011
11101011001101110011001010100110
10001110000101100010110010111010
10001110011100001001101100110011
10010101000000101111011001011110
00000110100101101001000101000001
00111110011001010110000111111010
00010000100110000000101101111101
01110000010101011000011110011011
10111010101110000001011101000000
11010010111110101110101101111000
00011001111010110010000000111101
00110010000000001110011111101111
11110100010001001110111000000010
10011101000101010010000011110010
10010000000011011011111010000000
01100101111100100010010011111110
10001000001100101010110011111101
00001100110010001110000010001111
00101110100000001010001011010100
01000000001101010110101110100111
01011001001110100001011000110100
11001111001100111110111111100010
01100111101010110110000111000011
10001000000010101110011111010110
00000100010110100110110101110001
11100011110101111111111111011001
10001011000111000110010001101000
10011010100000110011110101011110
00011011000011010110010000110100
01010101010000101101100111011000
11011001001110010000111100100000
11010111000000111001000100111001
10000101110001001011011000110100
10010110000000000010000010101010
10010010111000101010010101001101
00001010000011000010111101010011
10111011011011001101010110110111
10011000110010110111100011010001
11000100000100110011101100111111
11110111011101101100000100000101
11011001110001111111110111110101
10100100000111010001111110011101
10001000011111001001101001000110
11011110001110010010001100001001
11100111110100010000010000001010
01010100000101001100010010100010
00110110001011111100110001011111
11110011110011010101111001001010
00001100110100111001011011010000
11100001100100000101001010110110
10100011010100011110010111100111
10000010010000101100010000010001
11101000001110010111101101001011
01111100100001001010110001011011
11100110101101111111100011111110
01000001001011000110100111011111
01010011100100111101011111100011
10110001100110000101000001010111
01111110110010000011111111101100
10110100000101111011010110000111
01111101001011011101101000000010
01110101101100110110000000011101
00101100110110010100100100110111
11100100010001011111101000000011
10011001010100101000110001110011
01111010011010101100001110110011
11111000011100110010101110100110
11000100000011011110111001011011
11011000010011011010110000000111
10010100000110111101010111111100
10110101000111010101011101000101
00001010010010001001101010110010
00101000111111010101110110011100
10110001011001110101011001010101
11001001011101000001001110000111
01011000111101010001011010011101
01111011010100110011000001110110
01011101001000011010110100100101
11001011101100001010010100001111
01010111111110111111110011001101
11010010111110010101000010001100
00001000001010110100011101110011
10100100000010001011101010010010
10111011000100011001111000110011
10000110111001101110010001100101
10101000011101011001110110111100
11111010001110011011011111111011
10010000100001100001111110101000
11001110101101001011101001111011
01010101100100101000011101010101
00011111011101000000000000100100
10111110100100011100000100111000
10001100100000111110011001110111
01111000000111110010100011110111
00000100001100100111000000000101
10101101110000100011101111100010
11010001010101010111011011111000
01111001101011001000110100110101
10011010101011101111110101110101
00011000010110011001010100101010
01110000111100010110111100110001
00110001100111100011101000111001
00000111110110001111001110001001
00001001011110101010000010010101
11111001011011100011110111000001
00000100000000111101011100101100
10100101000011011001101110101110
11000001100011010111001101100111
11100011110100111110011101010000
01001101100110001110110100000010
01011111010011101111100111110111
01000011111000111110110010011010
01110111011010101100111001100111
00100111001001101101110010101101
10100000100100111011100110010000
11110111011100010111010011000100
10010000000111101110000101010001
11001010011111011000011000000110
01010110011001010000001000011100
10011000111111110010110100110001
00111110011011110011001101111000
00110110101010011010000110011001
11000110111001001001010101011000
01000101101000010100001110100110
00111000101111000011101010011011
00110111001111001111110000110100
10000000001111010110101111101100
01101111010110000010111010001101
11111000010001110010110011000000
01100011001000100111101011000100
10110000101101011011010111010011
11100110110000101001000011111000
11111110110010011110010001000101
10010111010111001101111001100111
11111011100000101101000010010111
11010111110110000010100010000000
11101010011000001110010111100101
01010001010001000000000111010001
00110100101000010010010001100000
11100100010111101111100010101111
01011111100101011111010100111010
10100111010101111011100000101110
11011101000000100010111111001011
01010000000000000110011011010111
10011011101011000111110010111111
11010011001010010101111111101100
10100000111010111001110101010111
00010010011110111100100101010011
11110101001101001011110001100101
11011100010001111111000010001110
00100011100001101101100101001010
10110111000010111001110001011110
11110011010101110001001010101110
10010001110001011011010011111010
11011011011101001100000010111001
01001110000100110111111011110000
10101010011100011010100101111101
00001100101011000101111000000010
00101010010000001100111001101000
01001011111101011111000111110010
01110001001000010111110000100100
10100110000101100111000000001000
00000100000100011101010010111101
10011100011110110100100111101011
11001001001011011100111000101011
10011101011110001010100111111110
11010111101111110110001111100000
00011000011101100110000010101110
11000010001110101010010010010001
11010010001101011000100001001101
11000111101101101111100011000011
01101010011000110010001111000010
10001101010110001010000011111001
01100000010101110110000000000101
11101010011110111111001011101001
11110111100000110100011000011111
01001111000111011001001010110100
10010110001011100111101101011100
11110111111110111011000010110001
00101101001101111011110111100110
11111111111111000000110000100101
10010101000000110101010110110011
00011011000011011011000001100111
10001101101010011000110001000111
11010101000110110000111101100110
11111110100000100111110010011001
10101101000101000100101111111010
01101111010001011001110000001111
11001011100011101100001000111011
11101110011110101000010011100110
00011110011100110010010011001100
00110100110001001000010101111110
11001100100011101100111010001011
11100101001001110000100010001011
10000011000010000101100101000000
00110010111111001001100111110001
00010101101011111101100001101110
00010100011010101110100010101110
10000110010111000010110000111000
00010100000000111110010000011100
10101101100111010000000111100011
01010010001101110011100011111010
11000010010101010011111011000000
01000111100111111010100111110001
00011010101101100100011111010110
11110011110011011011010000010001
00101000010100011010101100001110
10100010100100111001111100001001
01111101000110101100101011101001
10111111000111101111101011110000
01101111111100010010110000101010
10101000100011101111101000111110
00010001110110111101100011100110
10110100010100011100010110101101
11101011000101111010100100001100
00000010110100101101100110000110
01010110000101010000000010100010
01101001011010111111011101111100
00100011001000000001100100000101
00010111010001001100100011100110
00100101011010000110001110100100
01111001110110100101000011000111
00100001111000101010001000000111
10111110110011101000001111100111
01000101100100110000111001000011
00010000000010110011000001011100
10110100100001110001101001101100
10010000000111000001010000101000
11010001011010010100111110101110
10000101100111010110010111101001
00111010000111000001101001100000
00111100101011001001111100011101
01100101001010101100100011000010
11110011000101111100011010110001
00101110101101010111010101100101
10111110111110000110110100000011
00100000110101101101101000001000
00000111011110011111101011100111
11010001001011101101101110011001
10001111001110110011010000000001
00110000101010001110010110011101
10110011001001101010101011101111
11010000001111110000110111000111
01101110100100110010000001100100
11110111000001010111100010101011
11100110001111010011001010111110
10001010101111100011001001101011
01011111111110010101011110010001
01101001110010101110000111111101
01001100110101000011010001011010
00100100101010111010101100010011
11111101001001100010001011000001
00000111010100001111110010101011
11001110100110011111110101111011
11101010111001000100111000001001
10011101000010011000010111110011
11000011001011111111101101010011
11001010001100101100001111100001
01100110111100010001011001010011
00110101111111011111010111111111
10011011101100000010110010000101
11011111011000010101011100011110
10010000010001101100000000100000
11100100011100111001110000000011
00100101101110110011010011001000
11111101001110000101011101100010
00100101000110100110100100111001
11110000010000011001101111100010
10011010100000110011100101110010
01101001110101000110110111000001
11111001000010111010000101110100
10110011111100010011000001100101
10111110110000111111110011010111
00011000001100100110101000001101
11111000111011111001000010011110
00100100000011011000001110011110
10101011001100111101111110100111
01100011100111111000001100000000
01110010011111110001010010011001
11000011000000111111000001010010
10100000111001101000110101100101
10000001011000101001100110111001
11100100000011110011100101001001
11000111100111011000110101101011
00111111010010110110011101101100
11011111000111101010110111001100
01101010110111111011101010001101
10100000100111001010111001000101
01111101111011110010001100101101
10010100011110100101011101111000
01011110100000000111010110110100
10000110010111000001110111001001
01001101000000000011010100100110
00101101101000100111001101100010
01101010100010001001100101111110
11011011011001101011001001011111
10011101100101101011000101011111
00110110111011100001001010111011
11000110100110111100111101000000
11001100111100001001000111100011
10101111100100010111001000101010
11101001110010110001111000100010
00001111100001100011010101001111
10011111011110001010011010011110
00000101111000100001111100001101
00010100101100001010011101000101
00001100000011101001001001111100
10010111000110110111111111001010
00011000010101110111000000101101
10111111110111001111000000011000
00000000110011011010101100110011
11111111101110000100011010011101
00011100010011000010111001100010
00101000101101001100100110001101
10111110101111001111111100111011
01001101000011011110010110110100
10000111110010001010101001111101
11000101001000100111101001001110
01101100101111101100000010111011
11011001010110001110101100010100
00101001110000100010011111100100
01000010101110101111010000110100
10101011000101001100100001011010
00001111110011110011101001100111
10111011110110101101110100100111
10111111101110011110110100100010
00011001010010000101000111111110
00101010000011010101110001100100
01101111001010110101011100011110
10111100010011110001000110001001
10010000011000000001101011100111
11011010101010000001110111000111
00101011101010101100111110000001
11011010111000111110111000001001
10010000001111100001110011101001
10110010001100100011101100010000
11001011001000000100100010111111
10011110100011101100111100111110
00011000100011100100100111111111
01011011010111010110000000011110
00001101100001010111110010101101
00111110010001010001111010100110
01001100101000100001110001001010
01011101010000001101011101010000
11010011001110100111110111001000
10011011101000011110010010011001
01101100100001111111010101100110
11000000100110000010100110011111
10100011111011111111000110011011
10111100000000100011110001010011
01000110010100111010110100111001
01111111100111000101010001101101
11101000100101001000110110101000
01111000101001111011110011110111
10100001010101101111010010101110
10110010011101110101110110111100
00111011101101101110101011011011
11111010000111010011111100101100
00001110110011111111011011011001
10110011010011111111000101101101
11011101010011101011111111110001
00011111011001111010000001111010
00101000000010011101010110100111
10000000110000111001111110101101
10100001111100110010010010110100
11101111001110010001110110011111
10010111011110110110101010001000
01111111100100110110011111111110
10001100110110000011100100101100
01111001101001111100110111011101
00010011111010111111110000000000
01000010101011011011011101011110
01010100000010111001101101110110
01000110100011010001111100100001
10100010111101010011101111001000
10010011101111010100111111000010
10001000110111101101101100111100
00001011000110010110001011111000
10000101001001000001010101100011
11101000111101010111101010110001
11110111100001011110110110110010
00111110110110010000110011101101
00111011011001001001110010101001
11101000110110100111011001110110
00001000001111000001101011100100
11110110010010111111001100110010
00001110110100100001010111011000
11110001010111000111100000101110
01100010010011001010001000100100
00110001111010100101100101010001
01011011000101011000100110110111
10110010100101111001110001011111
01110111001101010001101111100001
00011000011000011110101110000101
01000011000000001111110011011000
01110000111000100000011011111001
10111101000101110010111011100010
10100111010000000111110110001011
01001011011101011001100101100000
00100001111001010101100111111100
11111110001010010011100000010101
10101011100101101101110010001011
11010011000110110000101001110010
11000010011100110101100110100001
10100101110000010001100000011000
00011010011100001100010000111100
01010000000100101001011001110010
10110000111011001000100011111000
00100000000110100110101100111011
10010011011000111110111101011101
01100010101000011000101010111000
11110101111101100010001001100011
01100011100011111000111001101100
10110101101100010101001000001011
10011000000111011000111111111010
00001101000100010101111110111011
11110101101000001001011110111010
10100010010001000100000110000011
01111010001100110110010000000000
11100000001101010010110111100001
01100000101000010000011001010110
01011111101100011111010100100000
01111011111010110100001100101011
00011001011000110100100000010110
00000010000011010110011111001001
10011111110001010010010011111011
00001011101001010110101110110111
10000011010011100001001010001011
01101111001011100110011011001110
11101010111110110010101010100111
11101001100011111110001000110001
10001011100111000011001001001110
11000110001110111111001100110101
01001101100000101010000110000011
10101001011110110000100010000011
00001000001001111100100010110110
10101100011110011111011000100111
00000000010101011110101001100101
00000111011101111101111001001111
11011101111000101100101111101001
11101001111010011010001110101010
10111010000100001111011000100010
01111111011100011010011010100010
00111111111000100010011111100010
01010101100010110010101000010001
10010101110110111111001011110011
11100111011111100001000010001001
00100110010001110011011000000011
11111101000001001110000110001010
10110110101110011111101101000010
10100010010000100001010011000100
01101101110011110110001010101011
11011000000000011011100010100111
00101010111011110110011110011111
01110111001110001000110111100101
11011010000001000010100110100111
01000111010011000001001011100001
10000110111110101001101111001111
11101010110101110100101110001000
10010000010111101000000010011010
00101111101101100001000110000000
01011101111111000111110101100100
10111110110110110011000110011111
01101000110010100110011011111001
01010101110100011101011001110101
11000010101111011100010011111011
00101010101010011011001100101010
01001100000100010100110000100110
01011110110111001101100010110011
01101011000001010000001011011001
01010111000011011111011001111000
01000100001111010110011110100100
10000001111101111001100011101011
01000011100000001001100001000110
10111010100111110011010001100011
11010011111110111010110101110011
00101010001010000010010010100011
11100001011011011110110110000000
01101100110001000101000110111111
00000100001000010110000010100110
10110110000001100010100100101111
01011101011001001011010110001010
11010011100000111000100101100101
11000110001000101000101001011111
11100100101110100011001011001010
10111010111010100000111110110000
01100111100001010100010000100100
10001011111100100101110111111000
10101001011010100000111010110110
10001000110111101100110010101010
00011110100001000001011111101101
10101001110010001110111010101100
01000000001010001100001011000010
00101110000010101000101101100110
01100111001111110101111001010101
11011010011100110001010101100111
01111010011001010101111111010111
11101100100010111111011110100101
00001100100101100110111011110000
10001110010010111100000010111000
01110001101001010001100110000100
01111011111011000011101010100110
01100101110111101001011000000100
11111101110001111101111111101101
10000101110000111000111011010001
10111000100101111100000010100100
00101001001010000010111010101110
11010010100001111010011111111001
00010100011001100111010110011100
11011011010001001101000111101011
10000110110111110100000011111011
11111111001000000000001110101001
11100111011010011000011011110000
11111011101011010110110001100111
00011101100100111100110100011110
00100011001000111000101001101011
01110001011101010000101101101110
00101011010011010110011000001001
01010010101110100001100000100110
00100011110110101110101011000000
01001111110100000110000111111000
11111111010001010010100000110101
10011111001101001010100010110001
10011101110010111011001110110101
11101111011010100001100111000110
01111000001111000101100111111000
11010110010000011101110010011100
00010101110000000001011000111101
10100001011011010101100010110011
00001001111011101001101111011100
01011010010011110011000101111110
01001101000011101101010011101010
01100101100111000010110001100010
01001010110100011101101100100100
01011111010010100001011111000000
11100011101111110011000001100010
00110011110111001000000001001100
00010010101001010001000111010101
10110000001000110010001100111001
10100000001010001100000000001111
10101011001100110001111011101110
01101000101011101110011110000101
11000110110001110101011111111001
11100100111011110101000011011110
11010011111000011000000011011111
01011100010011010001111111100011
10000100010111011110011110111101
11011110101011110001110101111111
10000010100111110001010000000100
01110111101100001100111110110111
11110100110001001101000001011010
11101101110001100111010011101111
01100010000000011100101110001111
01011101011111100001111000111000
00001111001101010010111000100000
11000110001100111111010011110111
11101100000010111100100101000010
00010110100111011001101001111011
11100000000000001000101010101110
01010011000011010100110001101010
01011010001010111111011000011001
10101011111100000110101000110101
11100010010001010011000010100100
01001101111101111000111010100010
01000000101110001010101100001111
10110100010011011011010110011110
00011110111100000111011010010010
01010101101011101110010011101011
10011001111110010000001101011101
00100011010111100111010001111111
11010001101101010111110100101011
00001000101001100010111110100001
11110000111111010001001011111101
00010010000110111110100110110010
01001001101101111111111101010110
10101001000000010000001101110111
11100110001011110000100010001001
00001110100000110100110000111000
01101110100010101011001101010011
01010010110000011101010000000111
11101110101001000100010100100011
11111011000000010011011100010011
11110100111011010010111000111100
10011110000101100110011000001000
11101101000011100000111000100100
00001111111100110111010100010110
11111001100111100101010010011100
00011101101000101110110100100001
01101001110011001111011000010010
01101111000000111110001011011011
01001000001110010011000000011101
01000010010101011000111100011111
10001111110111010001101000101010
11010110000011010111001111110110
10111010111011010110000101001011
01101100001000011101101001010001
01001111000001100100000010010111
11001110110110101111011001110111
00000010011111011110111001100011
01000111001011001110011010111100
01010010000010011100101111101111
10010010010101111010010001100101
11110111011110011100100001110000
01110101110101101001001100000110
11010100111101000001011111010000
01110000000010001100011100000010
00111001001011000010111010010010
10001001000000011101101011011000
10000111110011110000001111110111
10001110110010011111110111110010
11000111000110011001011001011111
00010101011111110001001011010100
10101010111101001001000000010001
01000000001000100101000111011000
00101100001001001101100010011000
11110010100001001111101111010001
11011010011010110001110101111011
11110101110010111111000111111011
01000000101100100010111101000000
11000000011011001010010001111000
10011110001100100100001011000110
01100110100110011011000100101001
10000001100101111110001110100111
01010101100000000111111101110111
10010110100010100111100100000111
00000001011000111000010101001000
01000100010110010110111001000100
01010111001110001011111001001100
01010000100010010011000010010000
00111001011100000101100001011001
11010111000101001001100101111110
11101101001011100110100100000110
00001001001111001111011001111001
10110001001011000010001000000101
01111111001000110011000100001101
10100100011011100011101011111100
01010101011010110000111101110011
11000000000001010000110100101111
01001001010110100011001100110010
10001010011101000101111011111001
00001110010011000110101010100100
10000010011010001110000101100001
00101011010000000011110111000110
00010110000101101000001101011111
11101000111110101110100010100000
00010110000000100110111100011011
00101010001000100011110000000010
00001111011110110100001101011101
10110011110010101100100101100101
00000100010111011111001101100010
11110110001110110110001111110110
01000000010001110111010010010011
11101011111000101111001111101011
01001000001111110100110101011000
11000110011001000000011000111111
00000100000100010110110110110010
01010011111001101010000011111010
00011001101100001100111001000100
00001011101100101001011001110101
11101010101101010000100010001011
11001111011011000100000110111111
00001101010110111010111001001110
00101101101110110000101001111011
11011100111100100101011101010110
11001100010011100101001110101011
01101011101101110001001101010111
10000011001111010001011101010111
11010101000110011011101010110111
01010010100100011110001010000001
11010110101100110000110100111011
11110101110101000101010101000001
01000011001011010011101101000111
10000000100110101000110111111000
11001011110101100100110100111001
00011010010001101010111000110100
01111011111110010010010110101001
00011111001111111011101101011110
11101011100000111101101010101000
01000011011111010001111111001110
11001100110111000101001011100111
01111111011111001111101001001001
11000000000111001001000111100100
10001110001001001001101011101000
00000100010101001100101011011101
01011111000000110100011101111111
01101101000000001101101101011000
00000111110100001101100000110010
11011100000010001101011110001101
11101100001110101100000111011011
11100010100000110110111001110100
01011110111010101001111110010000
01100001010100001101011111001100
01001010000110000110100000101000
11010011000001100010010011000101
00101110110111100011011001110011
11111001000110110110010001110000
11001011100110001101100000010101
00110010010100100000000001000110
01011101011111000101010011011111
00001011111011110110001101001010
01110111011111110001010011101100
01001100100000001001110100000111
01011001011011111110111111110010
01001110000000100101011000001110
00101010000111010010010010100011
01110110100011111001101000000101
01101111001110110110100010000101
11010010100100010110111110001000
11100101001111010001110111111101
01000010001001000001110101000001
10111001000010001110111110011000
00101110111111010101100011111001
10011101000111101001001010100011
10110110010011011011010111110001
10100111100110010000010000111000
11001111011010101010010011010000
10011100111100100111010101100000
10100110111100011101111000111010
10000000111110110000001000010100
10011010101101001100010011000111
11010111110001001110101110111111
11010010101111101000111110010110
11000011010010111100111001110011
01111011101001001011101011100100
01100000101001101011101011010100
00001101000000110101101000011101
00111010110001110000000000000010
10011010110011111001011101110100
10101001100011110001000111111110
11000000000001001011010101001110
00110011001101000011110010011011
01011010000001011101011010000011
00000101100010000010011111000100
00100111011000011111101010101110
01000101011001001111001111011010
10000011000101111100100110101111
10011010100010111010101111011100
11011000100001101001010101001011
10101010111010000000110110000110
11010101011001100111000111110101
01010001100010101111110001001110
00110000111110111101010011000010
00011011101010001011101100101110
10011001101100000110111111010111
11001100000110001011000010000100
00101001100001110110000101000011
11111000101100100011000001101010
01100010011000000001011000110010
10000000001001100100010001010010
10001101111011110110110001111011
01101100001001110010011001001010
11000010100111111101001010100101
00110001101001110110111100011011
00100111000001111100011000111000
00101001001001101010011010110101
11001000010100100100111011000111
00101101010000110010011100011101
11010001101100011000110010011110
11101001010100100100111010101000
00101010000100011111001000111010
11011111101111000111010001101100
10110011011110001101001110010111
11100111001111101100100001101110
00010010111100111100000011001101
11101110110010100000001101000110
01011001001010100001001111011010
01010101001011111100011011100111
01100101100001011000110100111101
10011011010100100000101101100010
10010010100100100111111010101000
11110000011101100001000011010001
10110001011100101011010111000100
11001000101100110001010111011100
11101000100001010001100001010000
10100111100011011111111100010011
00101010010010011000111100000000
10011101111011100101011011101010
10110000001010010011100010011001
11100011110001111001001111000100
01010100000100010010000001001000
00010111100001011101010010111001
01110110001111001010010001101001
11010101001001111111001001010000
00010110110010011011001100100001
10111010010100111010101001011000
11001101101110111110100001010110
00110001000101101111001010000111
11100110001110111011110001000110
11000100110010111101011111000110
00010111110010111000001101110111
11111010001010101011011000100001
01000010011000000101000100001101
10000000010110001111000101011101
01010110110101010110010000101011
01000101010110001110011001001011
10000100011001000100011011010000
10001011001110000110011101010110
00010000110111010011010100011111
00101111111100110011000101001100
10101101111111010000101110000100
10101001101101011011101010001000
00110000001101011000101111111111
11001011101101011001011001100000
01000001110111011001100010010010
11001111101010101111101011101001
10011001110010110110111001111111
11100111100000000011110100110111
00101000001111110010010111100111
00111111000000110101001110101101
11101001011011001110010011010010
01101010001001011110001110100110
10101100000100000110001001101010
10001010100111010110010011000110
10111101010101110011100011011100
10001110101111111011001010100001
11110001110111001110001100100001
01110110001110101011101111101110
10101000000101111000111000111100
01111111011010111100111011001000
01011000001000100110000111010011
00101011101101101110101001101011
10011001001001011110010100010000
11101110110101100000100000110001
00001000000001010101100000110100
11100111011010101111110100111101
11000100001010000011110011010011
00001010110111011011010001010011
01010010111010111101111000101100
11101101001001001000011110110100
00110101110101101001001101101100
11011000000011111100010011100000
10101001011000111010100001001010
10011010011011011010001100000111
11000001001010001000111111111000
11010000100010011010011001110111
01011000101010010001011100110100
01100100101111100011111010110111
01001011111110111110111100010111
01011110110101101000010010010100
00101001000100010110100011000100
00101100001101001010001010100100
11100011101010111011001000001111
11110100011100010110101011001000
11110101000010010111001111100000
01000101000010110011101000010101
01111000000111100111011101001111
11010001000001000010101110101101
00110100011101101010111110010100
10110001101000011110010101110001
01000111101101010100000110100110
10101111010000110000100110010100
01010000101100111101101111010101
10100101110011101001101101000011
10011000010001100010111001010010
11011010110110001011011011011110
10110010101000010011000010100100
00011110010001101100100101010100
11111010011111010101010010110100
00010010111100011111010110001001
11111011000111001001011110000100
11010011010111100001111000100000
01011001101100101000000000101100
01010111001101011000001000010101
11101110101010001101111010110110
01111110100000010001100011001000
11010000011101001011110010101101
11111110000010100010011110000101
11111110100010111001001110001110
01111111000110001100111011010011
00000100110111100111011000101010
00101000111101101000011010000100
10010101000011001101100011110010
01010000010000001100010101010001
00010001110001100110110010111000
01011000000111010001111011011101
00011010100110100100011110100000
10110101010101101010101001111101
10001100010011101011001001011001
00110011111011000100010110110100
01111101110110010011100101110111
10110111000011101011010001011000
00101000100010110000011111101111
10101100100001000010001110001010
10010000000011101101010000111011
11011101011011110111100001000000
01111100111110100110100011100101
